0.0	0.0	-3.867991	5.05185
0.0	1.0	14.74998	15.1475
10.0	0.0	-3.257615	4.996662
10.0	1.0	14.70045	14.88108
20.0	0.0	-2.563467	4.9339
20.0	1.0	14.64369	14.57581
30.0	0.0	-1.874434	4.871597
30.0	1.0	14.58614	14.26624
40.0	0.0	-1.181216	4.808918
40.0	1.0	14.52868	13.95754
50.0	0.0	-0.4831867	4.745805
50.0	1.0	14.46836	13.63307
60.0	0.0	0.1066656	4.699368
60.0	1.0	14.41691	13.35651
70.0	0.0	0.7371087	4.6424
70.0	1.0	14.36051	13.05337
80.0	0.0	1.442983	4.578615
80.0	1.0	14.29672	12.71049
90.0	0.0	2.148054	4.5149
90.0	1.0	14.23161	12.36052
100.0	0.0	2.852869	4.45121
100.0	1.0	14.16525	12.00378
110.0	0.0	3.564873	4.386869
110.0	1.0	14.09732	11.63867
120.0	0.0	4.168065	4.332338
120.0	1.0	14.03911	11.32603
130.0	0.0	4.807541	4.274528
130.0	1.0	13.9753	10.98325
140.0	0.0	5.526267	4.209554
140.0	1.0	13.90284	10.59408
150.0	0.0	6.242173	4.144835
150.0	1.0	13.82878	10.19627
150.0	2.0	21.58712	5.032826
160.0	0.0	6.956099	4.080296
160.0	1.0	13.75331	9.790898
160.0	2.0	20.9857	5.034122
170.0	0.0	7.679506	4.014899
170.0	1.0	13.67599	9.375581
170.0	2.0	20.3478	5.035496
170.0	3.0	-2.841969	5.993691
180.0	0.0	8.294014	3.959342
180.0	1.0	13.60961	9.018949
180.0	2.0	19.74455	5.036809
180.0	3.0	-2.269595	5.943275
190.0	0.0	8.942755	3.900693
190.0	1.0	13.53669	8.627112
190.0	2.0	19.10856	5.038191
190.0	3.0	-1.659739	5.889555
200.0	0.0	9.672814	3.834691
200.0	1.0	13.45386	8.182025
200.0	2.0	18.3951	5.039743
200.0	3.0	-0.9764051	5.829364
210.0	0.0	10.39868	3.769068
210.0	1.0	13.36929	7.72758
210.0	2.0	17.68838	5.041283
210.0	3.0	-0.2953758	5.769375
220.0	0.0	11.12654	3.703265
220.0	1.0	13.28266	7.26209
220.0	2.0	16.9821	5.042818
220.0	3.0	0.3864365	5.716288
230.0	0.0	11.86049	3.636911
230.0	1.0	13.19407	6.786108
230.0	2.0	16.27143	5.044365
230.0	3.0	1.07595	5.655561
240.0	0.0	12.48427	3.580508
240.0	1.0	13.11811	6.377677
240.0	2.0	15.6713	5.052778
240.0	3.0	1.657581	5.60433
250.0	0.0	13.1426	3.520979
250.0	1.0	13.03494	5.930508
250.0	2.0	15.02927	5.054188
250.0	3.0	2.282146	5.549316
260.0	0.0	13.88318	3.454013
260.0	1.0	12.94037	5.422036
260.0	2.0	14.3134	5.055759
260.0	3.0	2.978702	5.487961
270.0	0.0	14.62055	3.387336
270.0	1.0	12.84371	4.902336
270.0	2.0	13.59941	5.057327
270.0	3.0	3.676441	5.426501
280.0	0.0	15.35902	3.320563
280.0	1.0	12.74532	4.373367
280.0	2.0	12.88796	5.058888
280.0	3.0	4.373842	5.365071
290.0	0.0	16.10023	3.246423
290.0	1.0	12.6441	3.829136
290.0	2.0	12.17483	5.060455
290.0	3.0	5.072758	5.30351
300.0	0.0	16.73384	3.189123
300.0	1.0	12.55635	3.35746
300.0	2.0	11.57233	5.061775
300.0	3.0	5.664591	5.251401
310.0	0.0	17.39604	3.129235
310.0	1.0	12.46177	2.849015
310.0	2.0	10.92821	5.063187
310.0	3.0	6.300176	5.195441
320.0	0.0	18.1444	3.061557
320.0	1.0	12.35198	2.258899
320.0	2.0	10.21276	5.064757
320.0	3.0	7.007577	5.133158
330.0	0.0	18.8845	2.994622
330.0	1.0	12.22614	1.578323
330.0	2.0	9.499155	5.06632
330.0	3.0	7.714862	5.070886
340.0	0.0	19.62681	2.92749
340.0	1.0	12.10998	0.9538932
340.0	2.0	8.7899	5.067875
340.0	3.0	8.419399	5.008853
350.0	1.0	11.9904	0.310998
350.0	2.0	8.077585	5.069438
350.0	3.0	9.128521	4.946419
360.0	1.0	11.88583	-0.2516588
360.0	2.0	7.475243	5.070768
360.0	3.0	9.730648	4.893421
360.0	4.0	-3.451105	6.214135
370.0	1.0	11.77143	-0.8668081
370.0	2.0	6.83016	5.072189
370.0	3.0	10.37609	4.836611
370.0	4.0	-2.886538	6.164604
380.0	1.0	11.64138	-1.566032
380.0	2.0	6.114833	5.073768
380.0	3.0	11.0944	4.773389
380.0	4.0	-2.22639	6.106688
390.0	1.0	11.50738	-2.286571
390.0	2.0	5.400313	5.075344
390.0	3.0	11.81253	4.710181
390.0	4.0	-1.549899	6.047339
400.0	1.0	11.3632	-3.024665
400.0	2.0	4.689447	5.076912
400.0	3.0	12.52814	4.647197
400.0	4.0	-0.8668451	5.987413
410.0	1.0	11.09613	-3.735342
410.0	2.0	3.977515	5.078482
410.0	3.0	13.24932	4.583719
410.0	4.0	-0.1930428	5.9283
420.0	2.0	3.374916	5.079786
420.0	3.0	13.86232	4.529745
420.0	4.0	0.3815503	5.884877
430.0	2.0	2.727386	5.081187
430.0	3.0	14.51932	4.471897
430.0	4.0	1.005646	5.830138
440.0	2.0	2.01224	5.082734
440.0	3.0	15.24898	4.40765
440.0	4.0	1.695517	5.769629
450.0	2.0	1.298486	5.08428
450.0	3.0	15.97643	4.343596
450.0	4.0	2.386576	5.709016
450.0	5.0	21.78552	3.95971
460.0	2.0	0.5867472	5.08582
460.0	3.0	16.69607	4.273009
460.0	4.0	3.077894	5.64838
460.0	5.0	21.16971	3.961072
470.0	2.0	-0.121295	5.080263
470.0	3.0	17.42277	4.209015
470.0	4.0	3.768469	5.587811
470.0	5.0	20.50052	3.962552
480.0	2.0	-0.7219123	5.081552
480.0	3.0	18.04443	4.15428
480.0	4.0	4.354474	5.53642
480.0	5.0	19.88414	3.96391
490.0	2.0	-1.363498	5.082931
490.0	3.0	18.70319	4.096278
490.0	4.0	4.987918	5.480869
490.0	5.0	19.23398	3.965338
500.0	2.0	-2.073332	5.084455
500.0	3.0	19.43862	4.031528
500.0	4.0	5.687854	5.419487
500.0	5.0	18.50942	3.96693
510.0	2.0	-2.779516	5.08597
510.0	4.0	6.388727	5.358022
510.0	5.0	17.7905	3.96851
520.0	2.0	-3.481299	5.087477
520.0	4.0	7.088341	5.296668
520.0	5.0	17.07409	3.970087
530.0	4.0	7.788219	5.23529
530.0	5.0	16.35596	3.971666
540.0	4.0	8.385707	5.182881
540.0	5.0	15.73973	3.980019
550.0	4.0	9.029958	5.126371
550.0	5.0	15.08002	3.981467
550.0	6.0	-3.112223	5.200656
560.0	4.0	9.740616	5.064036
560.0	5.0	14.35083	3.983067
560.0	6.0	-2.504618	5.146012
570.0	4.0	10.45286	5.001562
570.0	5.0	13.62445	3.984663
570.0	6.0	-1.810383	5.083579
580.0	4.0	11.1643	4.939157
580.0	5.0	12.90174	3.986249
580.0	6.0	-1.119704	5.021466
590.0	4.0	11.87437	4.876873
590.0	5.0	12.1784	3.987835
590.0	6.0	-0.4351215	4.959898
600.0	4.0	12.48204	4.823558
600.0	5.0	11.55984	3.989168
600.0	6.0	0.1526098	4.913924
610.0	4.0	13.13647	4.76614
610.0	5.0	10.89904	3.990594
610.0	6.0	0.7898417	4.856613
620.0	4.0	13.8607	4.702597
620.0	5.0	10.16773	3.992169
620.0	6.0	1.494543	4.793236
